// Correction 10


//	Position corrections are Head position relative to Servo postion
//	at the defined Servo positions


//////////////////////////
dX Correction
// at skew corrected grid locations:
// dXondYSkew -3.46e-3 + 1.8e-3 = -1.7e-3

Array Locations
xLocs = [30  104  178  326  474  622  770  918  1066  1214  1362  1510  1658  1732  1806  ]
yLocs = [25  125  225  425  625  725  825  ]
 -0.95  -0.72  -0.41   0.02   0.00  -0.01  -0.17  -0.24  -0.26  -0.28  -0.22  -0.02   0.13   0.44   0.89 
 -0.95  -0.72  -0.41   0.02   0.01  -0.00  -0.14  -0.19  -0.21  -0.27  -0.23  -0.02   0.09   0.55   1.07 
 -0.95  -0.72  -0.41   0.02  -0.00  -0.01  -0.22  -0.32  -0.32  -0.31  -0.21  -0.01   0.12   0.63   1.16 
 -0.95  -0.72  -0.41   0.02   0.00  -0.01  -0.41  -0.60  -0.50  -0.31  -0.11   0.08   0.41   0.85   1.37 
 -0.95  -0.71  -0.41   0.03   0.09  -0.02  -0.31  -0.32  -0.23  -0.02  -0.01   0.24   0.87   1.33   1.83 
 -0.95  -0.71  -0.42   0.03   0.15  -0.02  -0.30  -0.19  -0.08   0.08   0.04   0.34   0.99   1.49   2.02 
 -0.95  -0.71  -0.42   0.04   0.19  -0.03  -0.44  -0.24  -0.07   0.04   0.07   0.44   0.94   1.46   2.06 



//////////////////////////
dY Correction
// Adjustment for height
// dYonYZ = -0.93 / (-424 * (62-232.5 - z0))   -> see PosConverter.cpp





//////////////////////////
dZ Correction
// at servo xy positions
// x = 30 + i * 148	i=[0, 0.5, 1:11, 11.5, 12]
// y = 25 + i * 100	i=[0:8]

// original points interpolated in array
Array Locations
xLocs = [30  104  178  326  474  622  770  918  1066  1214  1362  1510  1658  1732  1806  ]
yLocs = [25  125  225  425  625  725  825  ]
-0.10	-0.03	-0.07	-0.11	-0.18	-0.29	-0.22	-0.29	-0.49	-0.57	-0.72	-0.97	-1.02	-0.94	-0.88
-0.35	-0.26	-0.37	-0.41	-0.57	-0.61	-0.62	-0.56	-0.76	-0.86	-1.13	-1.18	-1.23	-1.18	-1.13
-0.52	-0.34	-0.41	-0.51	-0.79	-0.79	-0.68	-0.63	-0.78	-0.96	-1.18	-1.37	-1.34	-1.31	-1.24
-0.76	-0.56	-0.62	-0.66	-1.04	-0.93	-0.96	-0.85	-0.96	-1.14	-1.31	-1.51	-1.51	-1.45	-1.43
-0.68	-0.55	-0.54	-0.64	-0.89	-1.02	-1.05	-1.01	-1.09	-1.33	-1.46	-1.45	-1.45	-1.37	-1.31
-0.60	-0.49	-0.54	-0.59	-0.86	-1.01	-1.03	-1.05	-1.15	-1.34	-1.47	-1.41	-1.34	-1.24	-1.17
-0.41	-0.36	-0.46	-0.53	-0.78	-0.91	-1.02	-1.09	-1.15	-1.31	-1.39	-1.36	-1.22	-1.07	-0.98







