//Correction 4 + z depth correction

//////////////////////////////
dZ Correction
// at servo xy positions
// x = 30 + i * 148	i=[0, 0.5, 1:11, 11.5, 12]
// y = 25 + i * 100	i=[0:8]


Array Locations
xLocs = [30  104  178  326  474  622  770  918  1066  1214  1362  1510  1658  1732  1806]
yLocs = [25  225  425  625  825]
Adjust 0
1.31 1.32 1.29 1.12  .99 1.00 1.03  .97 1.00 1.00 1.02 1.12 1.08 1.00 1.05
 .85  .84  .92 1.07 1.09  .99  .84  .87  .97  .98  .99  .98  .99  .97 1.03
 .70  .73  .79 1.04 1.09 1.05  .89  .85  .89 1.00 1.02  .94 1.02 1.04 1.13
 .72  .72  .79  .97  .99 1.08  .89  .75  .90  .97  .98  .79  .93 1.00 1.10
 .92  .93  .96  .99  .99 1.14 1.07  .92  .97  .97 1.03  .92  .95  .99 1.06


Array Locations
xLocs = [30  104  178  326  474  622  770  918  1066  1214  1362  1510  1658  1732  1806]
yLocs = [25  125  225  425  625  725  825]
Adjust 0
1.31 1.32 1.29 1.12  .99 1.00 1.03  .97 1.00 1.00 1.02 1.12 1.08 1.00 1.05
1.16 1.16 1.16 1.14 1.08 1.00  .95 1.06 1.05  .99 1.08 1.03 1.04  .97 1.05
 .85  .84  .92 1.07 1.09  .99  .84  .87  .97  .98  .99  .98  .99  .97 1.03
 .70  .73  .79 1.04 1.09 1.05  .89  .85  .89 1.00 1.02  .94 1.02 1.04 1.13
 .72  .72  .79  .97  .99 1.08  .89  .75  .90  .97  .98  .79  .93 1.00 1.10
 .85  .81  .88  .98  .99 1.12  .94  .83  .98  .96  .98  .82  .95  .97 1.06
 .92  .93  .96  .99  .99 1.14 1.07  .92  .97  .97 1.03  .92  .95  .99 1.06


Array Locations
xLocs = [30  104  178  326  474  622  770  918  1066  1214  1362  1510  1658  1732  1806]
yLocs = [25  125  225  325  425  525  625  725  825]
Adjust 0
1.31 1.32 1.29 1.12  .99 1.00 1.03  .97 1.00 1.00 1.02 1.12 1.08 1.00 1.05
1.16 1.16 1.16 1.14 1.08 1.00  .95 1.06 1.05  .99 1.08 1.03 1.04  .97 1.05
 .85  .84  .92 1.07 1.09  .99  .84  .87  .97  .98  .99  .98  .99  .97 1.03
 .68  .71  .84 1.08 1.12 1.06  .88  .86  .99  .96 1.02 1.01  .97  .96 1.03
 .70  .73  .79 1.04 1.09 1.05  .89  .85  .89 1.00 1.02  .94 1.02 1.04 1.13
 .71  .69  .78 1.04 1.03 1.14  .89  .78  .88  .97 1.07  .86  .97 1.04 1.06
 .72  .72  .79  .97  .99 1.08  .89  .75  .90  .97  .98  .79  .93 1.00 1.10
 .85  .81  .88  .98  .99 1.12  .94  .83  .98  .96  .98  .82  .95  .97 1.06
 .92  .93  .96  .99  .99 1.14 1.07  .92  .97  .97 1.03  .92  .95  .99 1.06



// original points interpolated in array
Array Locations
xLocs = [30  104  178  326  474  622  770  918  1066  1214  1362  1510  1658  1732  1806  ]
yLocs = [25  125  225  425  625  725  825  ]
 -0.05  -0.02  -0.05  -0.12  -0.20  -0.21  -0.11  -0.13  -0.22  -0.32  -0.39  -0.50  -0.55  -0.53  -0.52 
 -0.31  -0.23  -0.22  -0.25  -0.38  -0.50  -0.35  -0.28  -0.34  -0.48  -0.57  -0.69  -0.75  -0.73  -0.72 
 -0.53  -0.40  -0.33  -0.32  -0.48  -0.63  -0.50  -0.41  -0.44  -0.57  -0.68  -0.83  -0.90  -0.87  -0.86 
 -0.75  -0.55  -0.41  -0.35  -0.54  -0.63  -0.60  -0.61  -0.58  -0.65  -0.83  -0.99  -1.04  -1.00  -0.98 
 -0.55  -0.42  -0.35  -0.32  -0.48  -0.48  -0.58  -0.66  -0.61  -0.68  -0.91  -1.01  -0.95  -0.91  -0.94 
 -0.35  -0.28  -0.25  -0.28  -0.41  -0.38  -0.51  -0.62  -0.60  -0.69  -0.89  -0.96  -0.87  -0.82  -0.85 
 -0.12  -0.09  -0.12  -0.22  -0.32  -0.24  -0.37  -0.53  -0.57  -0.67  -0.79  -0.87  -0.80  -0.72  -0.70 



//////////////////////////
dX Correction
// at skew corrected grid locations:

//dXondYSkew -3.46e-3

Array Locations
yLocs = [1  213  425  637  849]
xLocs = [5  81  157  309  461  613  765  917  1069  1221  1373  1525  1677  1753  1829]

Adjust -1.0

0.0  0.2  0.5  1.0  1.0  1.0  0.8  0.7  0.7  0.7  0.8  1.0  1.2  1.5  2.0
0.0  0.2  0.5  1.0  1.0  1.0  0.8  0.7  0.7  0.7  0.8  1.0  1.2  1.8  2.2
0.0  0.2  0.5  1.0  1.0  1.0  0.6  0.4  0.5  0.7  0.9  1.1  1.5  2.0  2.5
0.0  0.2  0.5  1.0  1.1  1.0  0.7  0.7  0.8  1.0  1.0  1.3  2.0  2.5  3.0
0.0  0.2  0.5  1.0  1.2  1.0  0.5  0.7  0.9  1.0  1.1  1.5  2.0  2.6  3.2



/////////////////////////////////