//Correction 4 + z depth correction




//////////////////////////
dX Correction
// at skew corrected grid locations:
// dXondYSkew -3.46e-3

Array Locations
yLocs = [1  213  425  637  849]
xLocs = [5  81  157  309  461  613  765  917  1069  1221  1373  1525  1677  1753  1829]
Adjust -1.0
0.0  0.2  0.5  1.0  1.0  1.0  0.8  0.7  0.7  0.7  0.8  1.0  1.2  1.5  2.0
0.0  0.2  0.5  1.0  1.0  1.0  0.8  0.7  0.7  0.7  0.8  1.0  1.2  1.8  2.2
0.0  0.2  0.5  1.0  1.0  1.0  0.6  0.4  0.5  0.7  0.9  1.1  1.5  2.0  2.5
0.0  0.2  0.5  1.0  1.1  1.0  0.7  0.7  0.8  1.0  1.0  1.3  2.0  2.5  3.0
0.0  0.2  0.5  1.0  1.2  1.0  0.5  0.7  0.9  1.0  1.1  1.5  2.0  2.6  3.2

// interpolated at other locations
Array Locations
xLocs = [30  104  178  326  474  622  770  918  1066  1214  1362  1510  1658  1732  1806  ]
yLocs = [25  125  225  325  425  525  625  725  825  ]
 -0.95  -0.72  -0.41   0.02   0.00  -0.01  -0.17  -0.24  -0.26  -0.28  -0.22  -0.02   0.13   0.44   0.89 
 -0.95  -0.72  -0.41   0.02   0.01  -0.00  -0.14  -0.19  -0.21  -0.27  -0.23  -0.02   0.09   0.55   1.07 
 -0.95  -0.72  -0.41   0.02  -0.00  -0.01  -0.22  -0.32  -0.32  -0.31  -0.21  -0.01   0.12   0.63   1.16 
 -0.95  -0.72  -0.41   0.02  -0.01  -0.01  -0.34  -0.51  -0.45  -0.34  -0.17   0.03   0.23   0.71   1.24 
 -0.95  -0.72  -0.41   0.02   0.00  -0.01  -0.41  -0.60  -0.50  -0.31  -0.11   0.08   0.41   0.85   1.37 
 -0.95  -0.72  -0.41   0.02   0.04  -0.01  -0.38  -0.51  -0.40  -0.18  -0.06   0.15   0.65   1.08   1.58 
 -0.95  -0.71  -0.41   0.03   0.09  -0.02  -0.31  -0.32  -0.23  -0.02  -0.01   0.24   0.87   1.33   1.83 
 -0.95  -0.71  -0.42   0.03   0.15  -0.02  -0.30  -0.19  -0.08   0.08   0.04   0.34   0.99   1.49   2.02 
 -0.95  -0.71  -0.42   0.04   0.19  -0.03  -0.44  -0.24  -0.07   0.04   0.07   0.44   0.94   1.46   2.06 




//////////////////////////////
dZ Correction
// at servo xy positions
// x = 30 + i * 148	i=[0, 0.5, 1:11, 11.5, 12]
// y = 25 + i * 100	i=[0:8]



// measured data
Array Locations
xLocs = [30  104  178  326  474  622  770  918  1066  1214  1362  1510  1658  1732  1806]
yLocs = [25  125  225  325  425  525  625  725  825]
Adjust 0
1.31 1.32 1.29 1.12  .99 1.00 1.03  .97 1.00 1.00 1.02 1.12 1.08 1.00 1.05
1.16 1.16 1.16 1.14 1.08 1.00  .95 1.06 1.05  .99 1.08 1.03 1.04  .97 1.05
 .85  .84  .92 1.07 1.09  .99  .84  .87  .97  .98  .99  .98  .99  .97 1.03
 .68  .71  .84 1.08 1.12 1.06  .88  .86  .99  .96 1.02 1.01  .97  .96 1.03
 .70  .73  .79 1.04 1.09 1.05  .89  .85  .89 1.00 1.02  .94 1.02 1.04 1.13
 .71  .69  .78 1.04 1.03 1.14  .89  .78  .88  .97 1.07  .86  .97 1.04 1.06
 .72  .72  .79  .97  .99 1.08  .89  .75  .90  .97  .98  .79  .93 1.00 1.10
 .85  .81  .88  .98  .99 1.12  .94  .83  .98  .96  .98  .82  .95  .97 1.06
 .92  .93  .96  .99  .99 1.14 1.07  .92  .97  .97 1.03  .92  .95  .99 1.06

// used data - for 4 y grids
Array Locations
xLocs = [30  104  178  326  474  622  770  918  1066  1214  1362  1510  1658  1732  1806]
yLocs = [25  125  225  425  625  725  825]
Adjust 0
1.31 1.32 1.29 1.12  .99 1.00 1.03  .97 1.00 1.00 1.02 1.12 1.08 1.00 1.05
1.16 1.16 1.16 1.14 1.08 1.00  .95 1.06 1.05  .99 1.08 1.03 1.04  .97 1.05
 .85  .84  .92 1.07 1.09  .99  .84  .87  .97  .98  .99  .98  .99  .97 1.03
 .70  .73  .79 1.04 1.09 1.05  .89  .85  .89 1.00 1.02  .94 1.02 1.04 1.13
 .72  .72  .79  .97  .99 1.08  .89  .75  .90  .97  .98  .79  .93 1.00 1.10
 .85  .81  .88  .98  .99 1.12  .94  .83  .98  .96  .98  .82  .95  .97 1.06
 .92  .93  .96  .99  .99 1.14 1.07  .92  .97  .97 1.03  .92  .95  .99 1.06

// interpolated data
Array Locations
xLocs = [30  104  178  326  474  622  770  918  1066  1214  1362  1510  1658  1732  1806  ]
yLocs = [25  125  225  325  425  525  625  725  825  ]
  1.31   1.32   1.29   1.12   0.99   1.00   1.03   0.97   1.00   1.00   1.02   1.12   1.08   1.00   1.05 
  1.16   1.16   1.16   1.14   1.08   1.00   0.95   1.06   1.05   0.99   1.08   1.03   1.04   0.97   1.05 
  0.85   0.84   0.92   1.07   1.09   0.99   0.84   0.87   0.97   0.98   0.99   0.98   0.99   0.97   1.03 
  0.72   0.73   0.81   1.05   1.10   1.02   0.84   0.83   0.92   0.99   0.99   0.97   1.01   1.01   1.08 
  0.70   0.73   0.79   1.04   1.09   1.05   0.89   0.85   0.89   1.00   1.02   0.94   1.02   1.04   1.13 
  0.69   0.71   0.77   1.00   1.04   1.06   0.89   0.79   0.87   0.99   1.01   0.86   0.97   1.03   1.13 
  0.72   0.72   0.79   0.97   0.99   1.08   0.89   0.75   0.90   0.97   0.98   0.79   0.93   1.00   1.10 
  0.85   0.81   0.88   0.98   0.99   1.12   0.94   0.83   0.98   0.96   0.98   0.82   0.95   0.97   1.06 
  0.92   0.93   0.96   0.99   0.99   1.14   1.07   0.92   0.97   0.97   1.03   0.92   0.95   0.99   1.06 




// origional correction
Point Locations
Scale -0.001

612 200 609.536
918 200 380
918 1 91.98
612 1 125.181
1836 850 690
1836 600 998.192
1836 400 997.717
1836 200 847.864
1836 1 480
1759.5 850 670
1759.5 600 930
1759.5 400 980
1759.5 200 829.935
1759.5 1 470
1683 850 762.458
1683 600 957.353
1683 400 1030
1683 200 863.756
1683 1 494.769
1530 850 840
1530 600 1012.567
1530 400 995.686
1530 200 821.027
1530 1 463.773
1377 850 757.059
1377 600 930
1377 400 830
1377 200 670
1377 1 350
1224 850 670
1224 600 693.88
1224 400 650
1224 200 560.563
1224 1 280.921
1071 850 570
1071 600 610
1071 400 570
1071 200 420
1071 1 189.499
918 850 501.333
918 600 663.571
918 400 595.273
765 850 316.083
765 600 588.844
765 400 600.551
765 200 475.226
765 1 40
612 850 200
612 600 505.926
612 400 640
459 850 300
459 600 480.701
459 400 518.965
459 200 440
459 1 143.789
306 850 180
306 600 310
306 400 340
306 200 299.114
306 1 70
153 850 65.058
153 600 389.688
153 400 449
153 200 320
153 1 -11.29
76.5 850 40
76.5 600 493.894
76.5 400 608.623
76.5 200 393.833
76.5 1 -40
0 850 106.268
0 600 679.587
0 400 849.564
0 200 555.333
0 1 33.969

// above points interpolated in array
Array Locations
xLocs = [30  104  178  326  474  622  770  918  1066  1214  1362  1510  1658  1732  1806  ]
yLocs = [25  125  225  325  425  525  625  725  825  ]
 -0.05  -0.02  -0.05  -0.12  -0.20  -0.21  -0.11  -0.13  -0.22  -0.32  -0.39  -0.50  -0.55  -0.53  -0.52 
 -0.31  -0.23  -0.22  -0.25  -0.38  -0.50  -0.35  -0.28  -0.34  -0.48  -0.57  -0.69  -0.75  -0.73  -0.72 
 -0.53  -0.40  -0.33  -0.32  -0.48  -0.63  -0.50  -0.41  -0.44  -0.57  -0.68  -0.83  -0.90  -0.87  -0.86 
 -0.69  -0.50  -0.39  -0.35  -0.53  -0.66  -0.57  -0.53  -0.52  -0.62  -0.76  -0.93  -1.00  -0.97  -0.94 
 -0.75  -0.55  -0.41  -0.35  -0.54  -0.63  -0.60  -0.61  -0.58  -0.65  -0.83  -0.99  -1.04  -1.00  -0.98 
 -0.70  -0.52  -0.40  -0.34  -0.52  -0.57  -0.61  -0.66  -0.61  -0.67  -0.88  -1.02  -1.02  -0.98  -0.98 
 -0.55  -0.42  -0.35  -0.32  -0.48  -0.48  -0.58  -0.66  -0.61  -0.68  -0.91  -1.01  -0.95  -0.91  -0.94 
 -0.35  -0.28  -0.25  -0.28  -0.41  -0.38  -0.51  -0.62  -0.60  -0.69  -0.89  -0.96  -0.87  -0.82  -0.85 
 -0.12  -0.09  -0.12  -0.22  -0.32  -0.24  -0.37  -0.53  -0.57  -0.67  -0.79  -0.87  -0.80  -0.72  -0.70 


/////////////////////////////////