Correction 2

dZ Correction
at servo xy positions
Scale -0.001

765 850 416.0833
765 600 688.8442
765 400 700.5509
765 200 575.2261
765 1 140
612 850 300
612 600 605.9265
612 400 740
612 200 609.5357
612 1 125.1806
1836 850 690
1683 850 762.4585
1530 850 840
1377 850 757.0588
1224 850 670
1071 850 570
918 850 501.3333
459 850 300
306 850 180
153 850 65.05843
76.5 1 -40
76.5 200 393.8333
76.5 400 608.6228
76.5 600 493.8941
76.5 850 40
1759.5 1 470
1759.5 200 829.9346
1759.5 400 980
1759.5 600 930
1759.5 850 670
0 200 555.3329
0 1 33.96853
1836 600 998.1922
1683 600 957.3534
1530 600 1012.567114
1377 600 930
1224 600 693.8796
1071 600 610
918 600 663.5714
459 600 480.7012
306 600 310
153 600 389.6875
0 600 679.5869
1836 400 997.7172
1683 400 1030
1530 400 995.6856
1377 400 830
1224 400 650
1071 400 570
918 400 595.2727
459 400 518.9649
306 400 340
153 400 449
0 400 849.5636
1836 200 847.8644
1683 200 863.7563
1530 200 821.0269
1377 200 670
1224 200 560.5629
1071 200 420
918 200 430
459 200 440
306 200 299.1137
153 200 320
1836 1 480
1683 1 494.7685
1530 1 463.7733
1377 1 350
1224 1 280.9215
1071 1 189.4994
918 1 141.9801
459 1 143.7892
306 1 70
153 1 -11.28988
0 850 106.2679



dX Correction
at skew corrected grid locations:
yLocs = [1  213  425  637  849]
xLocs = [5  81  157  309  461  613  765  917  1069  1221  1373  1525  1677  1753  1829]

Adjust -1.0
0.0  0.2  0.5  1.0  1.0  1.0  0.8  0.7  0.7  0.7  0.8  1.0  1.2  1.5  2.0
0.0  0.2  0.5  1.0  1.0  1.0  0.8  0.7  0.7  0.7  0.8  1.0  1.2  1.8  2.2
0.0  0.2  0.5  1.0  1.0  1.0  0.6  0.4  0.5  0.7  0.9  1.1  1.5  2.0  2.5
0.0  0.2  0.5  1.0  1.1  1.0  0.7  0.7  0.8  1.0  1.0  1.3  2.0  2.5  3.0
0.0  0.2  0.5  1.0  1.2  1.0  0.5  0.7  0.9  1.0  1.1  1.5  2.0  2.6  3.2

