// Correction 5


//////////////////////////
dX Correction
// at skew corrected grid locations:
// dXondYSkew -3.46e-3

Array Locations
xLocs = [30  104  178  326  474  622  770  918  1066  1214  1362  1510  1658  1732  1806  ]
yLocs = [25  125  225  425  625  725  825  ]
 -0.95  -0.72  -0.41   0.02   0.00  -0.01  -0.17  -0.24  -0.26  -0.28  -0.22  -0.02   0.13   0.44   0.89 
 -0.95  -0.72  -0.41   0.02   0.01  -0.00  -0.14  -0.19  -0.21  -0.27  -0.23  -0.02   0.09   0.55   1.07 
 -0.95  -0.72  -0.41   0.02  -0.00  -0.01  -0.22  -0.32  -0.32  -0.31  -0.21  -0.01   0.12   0.63   1.16 
 -0.95  -0.72  -0.41   0.02   0.00  -0.01  -0.41  -0.60  -0.50  -0.31  -0.11   0.08   0.41   0.85   1.37 
 -0.95  -0.71  -0.41   0.03   0.09  -0.02  -0.31  -0.32  -0.23  -0.02  -0.01   0.24   0.87   1.33   1.83 
 -0.95  -0.71  -0.42   0.03   0.15  -0.02  -0.30  -0.19  -0.08   0.08   0.04   0.34   0.99   1.49   2.02 
 -0.95  -0.71  -0.42   0.04   0.19  -0.03  -0.44  -0.24  -0.07   0.04   0.07   0.44   0.94   1.46   2.06 



//////////////////////////
dY Correction




//////////////////////////
dZ Correction
// at servo xy positions
// x = 30 + i * 148	i=[0, 0.5, 1:11, 11.5, 12]
// y = 25 + i * 100	i=[0:8]

// original points interpolated in array
Array Locations
xLocs = [30  104  178  326  474  622  770  918  1066  1214  1362  1510  1658  1732  1806  ]
yLocs = [25  125  225  425  625  725  825  ]
 -0.05  -0.02  -0.05  -0.12  -0.20  -0.21  -0.11  -0.13  -0.22  -0.32  -0.39  -0.50  -0.55  -0.53  -0.52 
 -0.31  -0.23  -0.22  -0.25  -0.38  -0.50  -0.35  -0.28  -0.34  -0.48  -0.57  -0.69  -0.75  -0.73  -0.72 
 -0.53  -0.40  -0.33  -0.32  -0.48  -0.63  -0.50  -0.41  -0.44  -0.57  -0.68  -0.83  -0.90  -0.87  -0.86 
 -0.75  -0.55  -0.41  -0.35  -0.54  -0.63  -0.60  -0.61  -0.58  -0.65  -0.83  -0.99  -1.04  -1.00  -0.98 
 -0.55  -0.42  -0.35  -0.32  -0.48  -0.48  -0.58  -0.66  -0.61  -0.68  -0.91  -1.01  -0.95  -0.91  -0.94 
 -0.35  -0.28  -0.25  -0.28  -0.41  -0.38  -0.51  -0.62  -0.60  -0.69  -0.89  -0.96  -0.87  -0.82  -0.85 
 -0.12  -0.09  -0.12  -0.22  -0.32  -0.24  -0.37  -0.53  -0.57  -0.67  -0.79  -0.87  -0.80  -0.72  -0.70 

// correction on current
Array Locations
xLocs = [30  104  178  326  474  622  770  918  1066  1214  1362  1510  1658  1732  1806  ]
yLocs = [25  125  225  425  625  725  825  ]
Adjust -1
Scale -1
  1.31   1.32   1.29   1.12   0.99   1.00   1.03   0.97   1.00   1.00   1.02   1.12   1.08   1.00   1.05 
  1.16   1.16   1.16   1.14   1.08   1.00   0.95   1.06   1.05   0.99   1.08   1.03   1.04   0.97   1.05 
  0.85   0.84   0.92   1.07   1.09   0.99   0.84   0.87   0.97   0.98   0.99   0.98   0.99   0.97   1.03 
  0.70   0.73   0.79   1.04   1.09   1.05   0.89   0.85   0.89   1.00   1.02   0.94   1.02   1.04   1.13 
  0.72   0.72   0.79   0.97   0.99   1.08   0.89   0.75   0.90   0.97   0.98   0.79   0.93   1.00   1.10 
  0.85   0.81   0.88   0.98   0.99   1.12   0.94   0.83   0.98   0.96   0.98   0.82   0.95   0.97   1.06 
  0.92   0.93   0.96   0.99   0.99   1.14   1.07   0.92   0.97   0.97   1.03   0.92   0.95   0.99   1.06 


