Correction 4

dZ Correction
at servo xy positions
Scale -0.001

612 200 609.536
918 200 380
918 1 91.98
612 1 125.181
1836 850 690
1836 600 998.192
1836 400 997.717
1836 200 847.864
1836 1 480
1759.5 850 670
1759.5 600 930
1759.5 400 980
1759.5 200 829.935
1759.5 1 470
1683 850 762.458
1683 600 957.353
1683 400 1030
1683 200 863.756
1683 1 494.769
1530 850 840
1530 600 1012.567
1530 400 995.686
1530 200 821.027
1530 1 463.773
1377 850 757.059
1377 600 930
1377 400 830
1377 200 670
1377 1 350
1224 850 670
1224 600 693.88
1224 400 650
1224 200 560.563
1224 1 280.921
1071 850 570
1071 600 610
1071 400 570
1071 200 420
1071 1 189.499
918 850 501.333
918 600 663.571
918 400 595.273
765 850 316.083
765 600 588.844
765 400 600.551
765 200 475.226
765 1 40
612 850 200
612 600 505.926
612 400 640
459 850 300
459 600 480.701
459 400 518.965
459 200 440
459 1 143.789
306 850 180
306 600 310
306 400 340
306 200 299.114
306 1 70
153 850 65.058
153 600 389.688
153 400 449
153 200 320
153 1 -11.29
76.5 850 40
76.5 600 493.894
76.5 400 608.623
76.5 200 393.833
76.5 1 -40
0 850 106.268
0 600 679.587
0 400 849.564
0 200 555.333
0 1 33.969



dX Correction
at skew corrected grid locations:
yLocs = [1  213  425  637  849]
xLocs = [5  81  157  309  461  613  765  917  1069  1221  1373  1525  1677  1753  1829]

Adjust -1.0
0.0  0.2  0.5  1.0  1.0  1.0  0.8  0.7  0.7  0.7  0.8  1.0  1.2  1.5  2.0
0.0  0.2  0.5  1.0  1.0  1.0  0.8  0.7  0.7  0.7  0.8  1.0  1.2  1.8  2.2
0.0  0.2  0.5  1.0  1.0  1.0  0.6  0.4  0.5  0.7  0.9  1.1  1.5  2.0  2.5
0.0  0.2  0.5  1.0  1.1  1.0  0.7  0.7  0.8  1.0  1.0  1.3  2.0  2.5  3.0
0.0  0.2  0.5  1.0  1.2  1.0  0.5  0.7  0.9  1.0  1.1  1.5  2.0  2.6  3.2

