0.001

1836 800 731.9167
1683 800 800.8897
1530 800 880
1377 800 796.2217  
1224 800 670  
1071 800 590
918 800 550
765 800 590
612 800 469.1228
459 800 347.6
306 800 216.2189
153 800 160
0 800 269.5588

1836 600 998.1922
1683 600 957.3534
1530 600 1012.567114
1377 600 930
1224 600 693.8796
1071 600 610
918 600 663.5714
765 600 788.8442
612 600 705.9265
459 600 480.7012
306 600 310
153 600 389.6875
0 600 679.5869

1836 400 997.7172
1683 400 1030
1530 400 995.6856
1377 400 830
1224 400 650
1071 400 570
918 400 595.2727
765 400 800.5509
612 400 840
459 400 518.9649
306 400 340
153 400 449
0 400 849.5636

1836 200 847.8644
1683 200 863.7563
1530 200 821.0269
1377 200 670
1224 200 560.5629
1071 200 420
918 200 430
765 200 675.2261
612 200 709.5357
459 200 440
306 200 299.1137
153 200 320
0 200 555.3329

1836 1 480
1683 1 494.7685
1530 1 463.7733
1377 1 350
1224 1 280.9215
1071 1 189.4994
918 1 141.9801
765 1 240
612 1 225.1806
459 1 143.7892
306 1 70
153 1 -11.28988
0 1 33.96853
