0.000  1.000  33.969
76.500  1.000  -40.000
153.000  1.000  -11.290
306.000  1.000  70.000
459.000  1.000  143.789
612.000  1.000  225.181
765.000  1.000  240.000
918.000  1.000  141.980
1071.000  1.000  189.499
1224.000  1.000  280.921
1377.000  1.000  350.000
1530.000  1.000  463.773
1683.000  1.000  494.769
1759.500  1.000  470.000
1836.000  1.000  480.000

0.000  200.000  555.333
76.500  200.000  393.833
153.000  200.000  320.000
306.000  200.000  299.114
459.000  200.000  440.000
612.000  200.000  709.536
765.000  200.000  675.226
918.000  200.000  430.000
1071.000  200.000  420.000
1224.000  200.000  560.563
1377.000  200.000  670.000
1530.000  200.000  821.027
1683.000  200.000  863.756
1759.500  200.000  829.935
1836.000  200.000  847.864

0.000  400.000  849.564
76.500  400.000  608.623
153.000  400.000  449.000
306.000  400.000  340.000
459.000  400.000  518.965
612.000  400.000  840.000
765.000  400.000  800.551
918.000  400.000  595.273
1071.000  400.000  570.000
1224.000  400.000  650.000
1377.000  400.000  830.000
1530.000  400.000  995.686
1683.000  400.000  1030.000
1759.500  400.000  980.000
1836.000  400.000  997.717

0.000  600.000  679.587
76.500  600.000  493.894
153.000  600.000  389.688
306.000  600.000  310.000
459.000  600.000  480.701
612.000  600.000  705.927
765.000  600.000  788.844
918.000  600.000  663.571
1071.000  600.000  610.000
1224.000  600.000  693.880
1377.000  600.000  930.000
1530.000  600.000  1012.567
1683.000  600.000  957.353
1759.500  600.000  930.000
1836.000  600.000  998.192

0.000  850.000  106.268
76.500  850.000  40.000
153.000  850.000  65.058
306.000  850.000  180.000
459.000  850.000  300.000
612.000  850.000  400.000
765.000  850.000  516.083
918.000  850.000  501.333
1071.000  850.000  570.000
1224.000  850.000  670.000
1377.000  850.000  757.059
1530.000  850.000  840.000
1683.000  850.000  762.458
1759.500  850.000  670.000
1836.000  850.000  690.000

