0.001

0 200 555.3329
1836 200 847.8644
0 850 106.2679
153 1 -11.28988
306 1 70
459 1 143.7892
612 1 225.1806
765 1 240
918 1 141.9801
1071 1 189.4994
1224 1 280.9215
1377 1 350
1530 1 463.7733
1683 1 494.7685
1836 1 480
153 200 320
306 200 299.1137
459 200 440
612 200 709.5357
765 200 675.2261
918 200 430
1071 200 420
1224 200 560.5629
1377 200 670
1530 200 821.0269
1683 200 863.7563
0 400 849.5636
153 400 449
306 400 340
459 400 518.9649
612 400 840
765 400 800.5509
918 400 595.2727
1071 400 570
1224 400 650
1377 400 830
1530 400 995.6856
1683 400 1030
1836 400.9338 997.7172
0 600 679.5869
153 600 389.6875
306 600 310
459 600 480.7012
612 600 705.9265
765 600 788.8442
918 600 663.5714
1071 600 610
1224 600 693.8796
1377 600 930
1530 600 1012.567114
1683 600 957.3534
1836 600 998.1922
0 0 33.96853
1759.5 850 670
1759.5 600 930
1759.5 400 980
1759.5 200 829.9346
1759.5 1 470
76.5 850 40
76.5 600 493.8941
76.5 400 608.6228
76.5 200 393.8333
76.5 1 -40
153 850 65.05843
306 850 180
459 850 300
612 850 400
765 850 516.0833
918 850 501.3333
1071 850 570
1224 850 670
1377 850 757.0588
1530 850 840
1683 850 762.4585
1836 850 690
