          170         30         60
-->       170      30.54         60

          670         30         60
-->       670      30.54         60

         1170         30         60
-->      1170      30.54         60

         1670         30         60
-->      1670      30.54         60

         1670        290         60
-->      1670     290.18       60.4

         1170        290         60
-->      1170     290.18       60.4

          670        290         60
-->       670     290.18       60.4

          170        290         60
-->       170     290.18       60.4

          170        550         60
-->       170     549.82       60.4

          670        550         60
-->       670     549.82       60.4

         1170        550         60
-->      1170     549.82       60.4

         1670        550         60
-->      1670     549.82       60.4

         1670        810         60
-->      1670     809.46         60

         1170        810         60
-->      1170     809.46         60

          670        810         60
-->       670     809.46         60

          170        810         60
-->       170     809.46         60

