Foward Limit List
Array Size: 75
 seg  s            ds/dt       time    type        axis      pos            vel            acc
711 0.38546030   2.38747727    99.181   3 Accel      1   -398.99489719     5.25048164    50.00000000
712 0.07565892   3.11358945   100.047   4 Brake      0     -0.80227480   -15.40365606    50.00000000
713 0.00000000   2.89692536    99.758   3 Accel      0     -3.17500100     0.00000000    50.00000000
714 0.36819500   3.43124233     0.289  12 Corner    -1   -436.40718052    -8.47242277     0.00000000
715 0.00000000  10.86202283     0.577   3 Accel      0      6.25000000    21.72404565    50.00000000
715 0.76532921  12.50000001     0.577   2 Velocity   0      7.78065841    25.00000000     0.00000000
718 0.00000000   0.00000000     1.841   3 Accel      0     37.57751500     0.00000000   -50.00000000
718 0.21789010   0.87156041     1.841   2 Velocity   0     31.32751499   -25.00000000     0.00000000
720 0.00000000   2.89692907     3.105  12 Corner    -1     31.32751499   -25.00000000     0.00000000
720 0.00000734   2.89692209     3.105   3 Accel      1   -380.57500400     0.00000000   -50.00000000

721 0.36820036   3.43123764     3.393  12 Corner    -1   -380.57500400     0.00000000     0.00000000
722 0.00000367   2.89692136     3.682   3 Accel      0     -3.17499600     0.00000000    50.00000000
723 0.36819831   3.43123885     3.970  12 Corner    -1     -3.17499600     0.00000000     0.00000000
724 0.00000000   0.02198784     4.259   3 Accel      0      6.25000000    21.72398532    50.00000000
724 0.00154928   0.02530364     4.259   2 Velocity   0      7.78068462    25.00000000     0.00000000
725 0.00000000   2.89692551    43.779   3 Accel      1   -399.42500000     0.00000000    50.00000000
726 0.36819543   3.43124288    44.067  12 Corner    -1   -399.42500000     0.00000000     0.00000000
727 0.00000000   2.89692551    44.356   3 Accel      0   1003.67500000     0.00000000   -50.00000000
728 0.36819543   3.43124288    44.645  12 Corner    -1   1003.67500000     0.00000000     0.00000000
729 0.00000000  10.86201678    44.933   3 Accel      0    994.25000000   -21.72403356   -50.00000000
 seg  s            ds/dt       time    type        axis      pos            vel            acc
729 0.76533183  12.50000001    44.933   2 Velocity   0    992.71933633   -25.00000000     0.00000000
730 0.00000000   0.00000000    45.013   3 Accel      0    992.25000000     0.00000000    50.00000000
730 0.34722222   1.38888889    45.013   2 Velocity   0    998.50000001    25.00000000     0.00000000
733 0.00000000   0.00000000    46.917   3 Accel      0   1039.57751500     0.00000000   -50.00000000
733 0.21789010   0.87156041    46.917   2 Velocity   0   1033.32751499   -25.00000000     0.00000000
735 0.00000000   5.77322020    48.181  12 Corner    -1   1033.32751499   -25.00000000     0.00000000
735 0.00002198   5.77318744    48.181   3 Accel      1   -380.57500400     0.00000000   -50.00000000
736 0.80676788   6.76611236    48.279  12 Corner    -1   -380.57500400     0.00000000     0.00000000
737 0.63983844   5.83110534    48.377   3 Accel      0   1004.07500249     0.00000000    50.00000000
739 0.00000000   8.82878042    48.573  12 Corner    -1   -387.77327600   -10.16959695     0.00000000

740 0.50000000   7.49210844    48.638   3 Accel      0   1006.32500014     0.00000000   -50.00000000
742 0.00000000   5.38918162    48.769   3 Accel      1   -392.22672400    -9.30369357   -50.00000000
742 0.72232022   6.63896403    48.769  12 Corner    -1   -392.22672400    -9.30369357     0.00000000
743 0.36016912   5.83113529    48.867   3 Accel      0   1004.07499863     0.00000000    50.00000000
745 0.16602213   6.76099114    49.063  12 Corner    -1   1004.07499863     0.00000000     0.00000000
746 0.00000000   0.03420513    49.161   3 Accel      0   1008.25000000    14.45166867    50.00000000
746 0.00984969   0.05917160    49.161   2 Velocity   0   1012.41149274    25.00000000     0.00000000
747 0.00000000   5.77321180    66.061   3 Accel      1   -399.42500000     0.00000000    50.00000000
748 0.80675574   6.76614881    66.159  12 Corner    -1   -399.42500000     0.00000000     0.00000000
749 0.63983088   5.83113519    66.257   3 Accel      0   1434.92500150     0.00000000   -50.00000000
 seg  s            ds/dt       time    type        axis      pos            vel            acc
751 0.00000000   8.82878042    66.453  12 Corner    -1   -392.22672400    10.16959695     0.00000000
752 0.50000000   7.49210844    66.518   3 Accel      0   1432.67499986     0.00000000    50.00000000
754 0.00000000   5.38918162    66.650   3 Accel      1   -387.77327600     9.30369357    50.00000000
754 0.72232022   6.63896403    66.650  12 Corner    -1   -387.77327600     9.30369357     0.00000000
755 0.36016912   5.83113529    66.747   3 Accel      0   1434.92500137     0.00000000   -50.00000000
757 0.16602213   6.76099114    66.943  12 Corner    -1   1434.92500137     0.00000000     0.00000000
758 0.00000000   7.22583433    67.041   3 Accel      0   1430.75000000   -14.45166867   -50.00000000
759 0.00000000   0.00000000    67.121   3 Accel      0   1428.75000000     0.00000000    50.00000000
759 0.46296296   1.85185185    67.121   2 Velocity   0   1435.00000000    25.00000000     0.00000000
762 0.00000000   0.00000000    68.845   3 Accel      0   1471.57751500     0.00000000   -50.00000000

762 0.21789010   0.87156041    68.845   2 Velocity   0   1465.32751499   -25.00000000     0.00000000
764 0.00000000   5.77322020    70.109  12 Corner    -1   1465.32751499   -25.00000000     0.00000000
764 0.00002198   5.77318744    70.109   3 Accel      1   -380.57500400     0.00000000   -50.00000000
765 0.80676788   6.76611236    70.207  12 Corner    -1   -380.57500400     0.00000000     0.00000000
766 0.63983844   5.83110534    70.305   3 Accel      0   1436.07500249     0.00000000    50.00000000
768 0.00000000   8.82878042    70.501  12 Corner    -1   -387.77327600   -10.16959695     0.00000000
769 0.50000000   7.49210844    70.566   3 Accel      0   1438.32500014     0.00000000   -50.00000000
771 0.00000000   5.38918162    70.697   3 Accel      1   -392.22672400    -9.30369357   -50.00000000
771 0.72232022   6.63896403    70.697  12 Corner    -1   -392.22672400    -9.30369357     0.00000000
772 0.36016912   5.83113529    70.795   3 Accel      0   1436.07499863     0.00000000    50.00000000
 seg  s            ds/dt       time    type        axis      pos            vel            acc
774 0.16602213   6.76099114    70.991  12 Corner    -1   1436.07499863     0.00000000     0.00000000
775 0.00000000   0.30424566    71.089   3 Accel      0   1440.25000000    14.45166867    50.00000000
775 0.08761037   0.52631579    71.089   2 Velocity   0   1444.41149273    25.00000000     0.00000000
776 0.00000000   5.77321180    72.989   3 Accel      1   -399.42500000     0.00000000    50.00000000
777 0.80675574   6.76614881    73.087  12 Corner    -1   -399.42500000     0.00000000     0.00000000
778 0.63983088   5.83113519    73.185   3 Accel      0   1491.92500150     0.00000000   -50.00000000
780 0.00000000   8.82878042    73.381  12 Corner    -1   -392.22672400    10.16959695     0.00000000
781 0.50000000   7.49210844    73.447   3 Accel      0   1489.67499986     0.00000000    50.00000000
783 0.00000000   5.38918162    73.578   3 Accel      1   -387.77327600     9.30369357    50.00000000
783 0.72232022   6.63896403    73.578  12 Corner    -1   -387.77327600     9.30369357     0.00000000

784 0.36016912   5.83113529    73.676   3 Accel      0   1491.92500137     0.00000000   -50.00000000
786 0.16602213   6.76099114    73.872  12 Corner    -1   1491.92500137     0.00000000     0.00000000
787 0.00000000   0.00975475    73.969   3 Accel      0   1487.75000000   -14.45166867   -50.00000000
787 0.00280897   0.01687479    73.969   2 Velocity   0   1483.58850727   -25.00000000     0.00000000
787 1.00000000   0.00000000   133.229   2 Velocity   0      6.25000000     0.00000000     0.00000000
